image: map.png
resolution: 0.05000
origin: [-8.943641662597656, -5.45, 0.000000]
negate: 0
occupied_thresh: 0.65
free_thresh: 0.196